1750103416917 0.6286832690238953 0
1750103417030 0.6073078513145447 0
1750103417137 0.2423473298549652 0
1750103417242 0.19772735238075256 0
1750103417349 0.1994321346282959 0
1750103417455 0.1363399624824524 0
1750103417563 0.10119947791099548 0
1750103417669 0.1385657787322998 0
1750103417774 0.13320836424827576 0
1750103417879 0.09652705490589142 0
1750103417993 0.08140107244253159 0
1750103418102 0.07973961532115936 0
1750103418211 0.08192691951990128 0
1750103418319 0.07475388050079346 0
1750103418427 0.07363373786211014 0
1750103418536 0.0729110985994339 0
1750103418646 0.0655020922422409 0
1750103418759 0.07778818160295486 0
1750103418867 0.047138769179582596 0
1750103418975 0.05685391649603844 0
1750103419088 0.05932674556970596 0
1750103419198 0.06173383817076683 0
1750103419304 0.051884714514017105 0
1750103419411 0.042594172060489655 0
1750103419523 0.046005453914403915 0
1750103419629 0.0726507306098938 0
1750103419739 0.04476059600710869 0
1750103419845 0.05092242360115051 0
1750103419951 0.04366573318839073 0
1750103420057 0.053294580429792404 0
1750103420166 0.04822061210870743 0
1750103420276 0.04234538972377777 0
1750103420384 0.059062689542770386 0
1750103420493 0.04279758036136627 0
1750103420600 0.04035826027393341 0
1750103420705 0.037588946521282196 0
1750103420813 0.039764828979969025 0
1750103420921 0.03116694465279579 0
1750103421030 0.033646874129772186 0
1750103421136 0.04470639303326607 0
1750103421247 0.039109330624341965 0
1750103421356 0.03562014922499657 0
1750103421465 0.030389532446861267 0
1750103421572 0.030535273253917694 0
1750103421682 0.035578712821006775 0
1750103421790 0.03460864722728729 0
1750103421898 0.03495931625366211 0
1750103422006 0.037077613174915314 0
1750103422116 0.033285826444625854 0
1750103422225 0.03165505826473236 0
1750103422339 0.02982499822974205 0
1750103422451 0.10814614593982697 0
1750103422566 0.03828669711947441 0
1750103422671 0.03845197707414627 0
1750103422784 0.03996162489056587 0
1750103422895 0.03169308975338936 0
1750103423002 0.03140975907444954 0
1750103423111 0.05462811887264252 0
1750103423222 0.050636015832424164 0
1750103423329 0.030537515878677368 0
1750103423442 0.03242988884449005 0
1750103423551 0.029532454907894135 0
1750103423662 0.04526977613568306 0
1750103423773 0.026494143530726433 0
1750103423941 0.03296439349651337 0
1750103424063 0.04534931480884552 0
1750103424204 0.046650856733322144 0
1750103424379 0.03387392312288284 0
1750103424533 0.032508485019207 0
1750103424656 0.03117387741804123 0
1750103424809 0.02449747733771801 0
1750103424927 0.02749072015285492 0
1750103425042 0.053332358598709106 0
1750103425155 0.040268056094646454 0
1750103425268 0.023963384330272675 0
1750103425393 0.025948159396648407 0
1750103425527 0.027315596118569374 0
1750103425647 0.03549408167600632 0
1750103425762 0.025757495313882828 0
1750103425874 0.10102110356092453 0
1750103426005 0.024011287838220596 0
1750103426118 0.027138281613588333 0
1750103426237 0.02642754837870598 0
1750103426358 0.05486120283603668 0
1750103426496 0.054295726120471954 0
1750103426639 0.028763381764292717 0
1750103426801 0.024963214993476868 0
1750103426924 0.02795274183154106 0
1750103427040 0.031393829733133316 0
1750103427157 0.04263085871934891 0
1750103427288 0.024703387171030045 0
1750103427407 0.02629837766289711 0
1750103427526 0.03708169609308243 0
1750103427655 0.02330227755010128 0
1750103427774 0.02589288353919983 0
1750103427884 0.03567232936620712 0
1750103428002 0.029522012919187546 0
1750103428118 0.02510414645075798 0
1750103428229 0.028081493452191353 0
1750103428339 0.04320835322141647 0
